use_wandb: False
use_sky: False
use_dynamic: False
use_loop: False
use_pose_refine: False
use_metric: False
use_mapper: True

mode: 'vio'  # 'vo' or 'vio'

device:
  tracker: 'cuda:0'
  mapper: 'cuda:0'

dataset:
  root: /cluster/project/cvg/zihzhu/Datasets/rpngar/table_01
  module: datasets.rpngar
  rgb_strip: 1
  pcd_downsample: 64
  pcd_downsample_init: 32
  adaptive_pointsize: True
  point_size: 0.05
  scale_multiplier: 2.0

middleware:
  cov_times: 100
  max_cov: 1e4
  max_depth: 10

output:
  save_dir: output

# Image intrinsics (848x480)
# fx=416.85223429743274, fy=414.92069080087543, cx=421.02459311003213, cy=237.76180565241077
intrinsic:
  H: 480
  W: 848
  fu: 416.85223429743274
  fv: 414.92069080087543
  cu: 421.02459311003213
  cv: 237.76180565241077
  resolution_scale: 1.0
  bg: 0
  distortion_coeffs: [-0.045761895748285604, 0.03423951132164367, -0.00040139057556727315, 0.000431371425853453]


frontend:
  weight: ckpts/droid.pth
  image_size: [336, 592]  # Half of 480x848 (reduced to avoid OOM)
  buffer: 80
  filter_thresh: 2.4
  c2i:
    - [0.9999654398038456, -0.007345219511621677, 0.0038944766308488758, 0.027602825680059905]
    - [0.007342326779113339, 0.9999727585590527, 0.0007565561891287447, 0.0032786559038993014]
    - [-0.0038999276109757427, -0.0007279355223411334, 0.9999921303062863, 0.02349532469697637]
    - [0.0, 0.0, 0.0, 1.0]
  visual_only: 0  # 0 means VIO
  warm_up: 8
  beta: 0.3
  frontend_nms: 1
  keyframe_thresh: 3.0
  frontend_window: 5
  frontend_thresh: 16.0
  frontend_radius: 2
  active_window: 12
  max_factors: 48
  far_threshold: 0.02
  inac_range: 3
  mask_threshold: -1.0
  skip_edge: [-4, -5, -6]
  translation_threshold: 0.1
  show_plot: False

backend:
  backend_thresh: 22.0
  backend_radius: 2
  backend_nms: 3
  covis_thresh: 0.3

pgba:
  active: True
  pgba_thresh: 22.0

adc_args:
  accum_thresh: 0.98

training_args:
  num_keyframe: 8
  iters: 100
  init_itr_num: 1050
  init_gaussian_update: 100
  init_gaussian_reset: 500
  init_gaussian_th: 0.005
  init_gaussian_extent: 30
  gaussian_update_every: 150
  gaussian_update_offset: 50
  gaussian_th: 0.7
  gaussian_extent: 1.0
  gaussian_reset: 2000000001
  size_threshold: 20
  window_size: 10
  rgb_boundary_threshold: 0.01
  lambda_dnormal: 0.5
  compensate_exposure: true
  lr:
    _xyz_lr: 0.00002
    _rgb_lr: 0.0025
    _opacity_lr: 0.05
    _scaling_lr: 0.001
    _rotation_lr: 0.001
    _c2c_lr: 0.0001
  loss_weights:
    rgb_loss: 1.0
    depth_loss: 1.0
    alpha_loss: 0.0
    normal_loss: 0.01
    dist_loss: 0.0

opt_params:
  pose_lr: 0.0001
  position_lr_init: 0.00016
  position_lr_final: 0.0000016
  position_lr_max_steps: 26000
  feature_lr: 0.0025
  opacity_lr: 0.05
  scaling_lr: 0.001
  rotation_lr: 0.001
  exposure_lr: 0.01
  percent_dense: 0.01
  lambda_dssim: 0.2
  densify_grad_threshold: 0.0002

use_vis: False
vis:
  bev_w2c: [[1.0, 0.0, 0.0, 0.0],
            [0.0, 0.0, -1.0, 0.0],
            [0.0, 1.0, 0.0, 5.0],
            [0.0, 0.0, 0.0, 1.0]]
  bev_intrinsic_dict:
    H: 480
    W: 640
    fu: 320.0
    fv: 320.0
    cu: 320.0
    cv: 240.0
  pose_scale: 0.5

use_storage_manager: False

looper:
  lightglue_weight_dir: ckpts/lightglue/
  onnx_w: 512
  H: 240
  W: 424
  loop_radius: 15
  is_loop_min_match_num: 45
  search_num: 30
  is_loop_mse_threshold: 0.15
  is_loop_med_times: 100.0
